12732,7,1,7,18002
17247,1,9,2,18003
17063,9,1,2,18004
12363,3,5,3,18005
19853,6,5,3,18006
19143,5,5,3,18007
11234,8,9,7,18008
16598,7,7,6,18009
18274,3,1,6,18010
19284,1,4,8,18011
17610,5,6,8,18012
19136,5,5,4,18013
17619,3,8,7,18014
12562,7,4,6,18015
14772,6,7,7,18016
15527,7,8,2,18017
13081,1,3,5,18018
12163,5,7,4,18019
15391,8,4,1,18020
12452,7,3,4,18021
16435,1,8,7,18022
13880,8,3,7,18023
19190,7,4,4,18024
11987,4,8,3,18025
11828,2,5,5,18026
10073,1,3,9,18027
10780,8,7,6,18028
14353,3,5,1,18029
17234,3,3,3,18030
12154,3,1,7,18031
13853,2,8,8,18032
16210,1,9,7,18033
10353,7,2,8,18034
17499,6,7,6,18035
12697,4,3,6,18036
11202,7,1,9,18037
13401,2,8,7,18038
15516,5,9,7,18039
16737,7,8,7,18040
16744,3,3,4,18041
14249,4,8,4,18042
11332,5,3,8,18043
11709,9,8,6,18044
11229,1,9,5,18045
17806,5,1,3,18046
10231,8,2,6,18047
14603,9,1,9,18048
10773,6,6,9,18049
10484,6,2,7,18050
15163,9,7,4,18051
11762,2,8,1,18052
12173,7,1,9,18053
15823,3,3,4,18054
19804,8,7,5,18055
17751,4,7,8,18056
15168,2,7,4,18057
10350,6,2,9,18058
19895,9,9,5,18059
16053,4,6,3,18060
12874,7,2,4,18061
10714,6,4,3,18062
18800,4,3,1,18063
11499,4,4,1,18064
16610,5,7,3,18065
10160,3,3,6,18066
18221,3,8,9,18067
19940,5,4,1,18068
15719,8,6,8,18069
12680,6,9,7,18070
15979,1,4,4,18071
19185,4,2,4,18072
13372,3,5,6,18073
15950,9,9,1,18074
17534,8,6,7,18075
12420,5,6,7,18076
11046,2,8,4,18077
18623,1,6,5,18078
15512,7,5,4,18079
17240,3,9,9,18080
12729,9,5,1,18081
10599,7,1,7,18082
14715,2,8,9,18083
19435,7,1,8,18084
18670,1,8,1,18085
18188,7,3,3,18086
14895,8,6,2,18087
18366,7,9,4,18088
13676,4,7,2,18089
11553,1,3,8,18090
15550,2,6,9,18091
19482,5,5,2,18092
14246,5,1,5,18093
15196,5,5,1,18094
11047,2,9,2,18095
18941,1,7,9,18096
12859,3,5,3,18097
14051,4,6,2,18098
15829,3,8,5,18099
18842,1,3,7,18100
19394,5,9,5,18101
14633,2,3,7,18102
17259,6,4,8,18103
14960,2,1,6,18104
13736,4,3,3,18105
12588,3,1,6,18106
10305,7,5,1,18107
19258,2,9,9,18108
17809,6,2,2,18109
10577,1,9,4,18110
18946,1,8,9,18111
11482,1,7,1,18112
10854,3,4,4,18113
11194,8,9,7,18114
10585,9,1,4,18115
14196,6,1,5,18116
18667,2,6,3,18117
14176,5,3,6,18118
17767,5,2,8,18119
15878,2,6,4,18120
13247,1,7,1,18121
18279,9,4,4,18122
16092,7,8,5,18123
11318,4,5,1,18124
13937,8,3,1,18125
10710,4,2,4,18126
16679,4,8,5,18127
13280,8,4,9,18128
13284,1,9,7,18129
17743,2,8,2,18130
18103,1,4,6,18131
14279,7,3,8,18132
15280,9,5,1,18133
15010,7,7,8,18134
17336,1,1,1,18135
15244,3,6,2,18136
18773,7,7,8,18137
17319,1,7,8,18138
14047,2,4,4,18139
19017,2,6,3,18140
14910,4,4,8,18141
12436,6,7,2,18142
15929,6,8,1,18143
14587,8,2,9,18144
11961,9,8,2,18145
11346,7,4,4,18146
13757,8,5,6,18147
19795,9,8,7,18148
11600,1,4,7,18149
13019,2,8,7,18150
18781,2,1,9,18151
18856,9,5,3,18152
12223,7,4,5,18153
12555,3,7,5,18154
12540,3,2,2,18155
14501,6,4,7,18156
11724,6,6,6,18157
17681,5,4,3,18158
17307,5,4,3,18159
17520,7,4,6,18160
12613,1,5,3,18161
14974,4,9,5,18162
11920,1,7,1,18163
19277,8,3,5,18164
12045,8,8,7,18165
14127,5,4,7,18166
12541,9,9,5,18167
12724,4,5,2,18168
12773,9,7,7,18169
17380,3,9,9,18170
12300,4,1,9,18171
15610,5,9,4,18172
15898,3,2,8,18173
11997,1,8,5,18174
14090,7,4,3,18175
19556,7,4,7,18176
12611,6,7,7,18177
13221,3,4,1,18178
18509,4,9,6,18179
15554,8,7,9,18180
10888,1,8,4,18181
11352,6,2,9,18182
16373,1,9,9,18183
18722,9,6,7,18184
13770,6,7,9,18185
18439,8,9,8,18186
14736,7,6,9,18187
12644,2,1,7,18188
14978,7,5,8,18189
14891,4,6,4,18190
15044,4,5,5,18191
19588,9,6,3,18192
11842,1,8,9,18193
11170,4,5,8,18194
18420,1,6,7,18195
19348,9,5,2,18196
15263,6,1,8,18197
17690,2,3,1,18198
16223,3,1,8,18199
10282,5,2,4,18200
13498,6,7,8,18201
11819,5,9,1,18202
11984,9,6,1,18203
18566,9,9,3,18204
13246,1,6,2,18205
12500,3,3,3,18206
18330,3,3,3,18207
12171,4,9,6,18208
17284,9,8,9,18209
11535,3,2,7,18210
14872,9,6,3,18211
13857,5,5,2,18212
16834,1,3,7,18213
12503,4,4,4,18214
17268,6,3,2,18215
11124,1,6,9,18216
16691,6,5,7,18217
16051,6,8,2,18218
15007,8,8,9,18219
10539,9,3,7,18220
18845,2,1,7,18221
17293,8,2,3,18222
16320,9,7,1,18223
16405,5,9,1,18224
12248,2,7,3,18225
15175,8,3,4,18226
12900,2,6,1,18227
12617,4,6,9,18228
12439,8,4,2,18229
15908,8,6,1,18230
13496,1,1,4,18231
18825,1,3,6,18232
16319,6,6,2,18233
19542,4,3,5,18234
16787,8,4,9,18235
10489,1,7,1,18236
15506,9,3,6,18237
10275,5,5,8,18238
19602,7,9,9,18239
10524,9,6,5,18240
14153,3,2,8,18241
13900,7,4,9,18242
15495,2,6,7,18243
15885,3,2,1,18244
17258,1,2,3,18245
11612,4,6,8,18246
11455,9,9,9,18247
17665,4,7,8,18248
17704,5,6,4,18249
16600,7,5,6,18250
10237,5,4,4,18251
11935,2,8,6,18252
15713,1,2,9,18253
17864,5,1,7,18254
10177,8,5,8,18255
13697,8,6,3,18256
12788,5,9,5,18257
17170,4,8,4,18258
12527,5,4,2,18259
13337,5,6,5,18260
15989,2,5,1,18261
13411,9,6,8,18262
15365,7,2,4,18263
14572,2,4,3,18264
10274,5,9,5,18265
10554,5,7,8,18266
19808,1,7,4,18267
18026,1,5,6,18268
14415,6,8,5,18269
14913,1,5,9,18270
17490,8,2,9,18271
18956,1,2,9,18272
12263,1,4,3,18273
12140,4,9,3,18274
17476,5,6,5,18275
19049,9,8,7,18276
10262,6,4,7,18277
10858,7,2,3,18278
13285,2,3,5,18279
10821,2,4,6,18280
13790,8,9,5,18281
12506,4,1,8,18282
18802,1,5,6,18283
11213,1,2,7,18284
12032,9,8,3,18285
18009,9,8,9,18286
17325,7,8,4,18287
12648,3,5,2,18288
18396,6,8,3,18289
10711,5,8,7,18290
13544,6,8,6,18291
13849,3,7,3,18292
17122,6,1,2,18293
17763,5,2,3,18294
11606,4,8,9,18295
11383,4,4,7,18296
15178,9,5,1,18297
16517,4,6,2,18298
17126,6,1,2,18299
15843,3,7,4,18300
13269,3,2,8,18301
15948,2,3,7,18302
10122,7,6,7,18303
10069,6,8,9,18304
18807,3,8,3,18305
17057,8,3,4,18306
19987,4,2,7,18307
18230,8,4,1,18308
14145,3,1,4,18309
17735,3,3,4,18310
15539,6,2,7,18311
12880,6,9,2,18312
16499,1,7,9,18313
17920,6,7,2,18314
12799,3,7,2,18315
16670,3,5,5,18316
11829,7,5,7,18317
10418,9,4,5,18318
16225,7,4,4,18319
19723,5,6,4,18320
17009,9,9,1,18321
16242,5,6,4,18322
12876,8,2,6,18323
18639,2,3,7,18324
19999,8,6,8,18325
14030,9,8,3,18326
11123,7,2,2,18327
16382,3,5,6,18328
17836,6,8,9,18329
12164,5,7,1,18330
13585,8,6,5,18331
15937,3,4,7,18332
18516,8,2,8,18333
13139,2,8,2,18334
19084,6,9,8,18335
15675,6,9,2,18336
17144,7,8,8,18337
18904,2,5,1,18338
10036,4,7,3,18339
17362,4,6,6,18340
15911,6,7,3,18341
17699,1,6,4,18342
15239,2,9,8,18343
17232,5,7,4,18344
13904,7,8,5,18345
15401,8,8,4,18346
16447,8,4,1,18347
14575,2,7,2,18348
10545,8,9,4,18349
10199,9,9,3,18350
10308,3,5,8,18351
19701,8,2,2,18352
18376,6,8,7,18353
15174,4,1,4,18354
12252,6,9,2,18355
12695,7,3,3,18356
15001,4,1,3,18357
13951,5,1,2,18358
10121,6,2,2,18359
16090,5,7,8,18360
15393,1,4,8,18361
15536,4,4,3,18362
16258,8,1,3,18363
11440,2,1,8,18364
16411,3,5,8,18365
18810,7,8,1,18366
13014,6,6,9,18367
17688,9,5,7,18368
17399,3,5,3,18369
12910,4,5,2,18370
12434,8,6,6,18371
17115,6,5,9,18372
12487,7,9,1,18373
18125,5,1,6,18374
17662,6,7,3,18375
14595,4,5,2,18376
13390,2,9,2,18377
17235,8,2,2,18378
18593,8,9,7,18379
19883,5,8,4,18380
18553,4,5,9,18381
18550,1,1,6,18382
18592,2,2,3,18383
13834,4,6,1,18384
17724,7,2,4,18385
12852,3,7,5,18386
11536,4,6,8,18387
15289,5,8,9,18388
12940,1,6,3,18389
12255,7,3,4,18390
14813,7,6,8,18391
14827,5,7,2,18392
18431,7,3,5,18393
14186,1,2,1,18394
17146,4,1,4,18395
18378,1,2,8,18396
16719,6,6,8,18397
12312,6,4,8,18398
11501,7,6,7,18399
13675,3,6,8,18400
14809,5,3,7,18401
18892,1,8,1,18402
12200,7,9,9,18403
15156,3,8,5,18404
16349,5,4,8,18405
10222,8,8,4,18406
17029,4,4,1,18407
10864,3,6,6,18408
18854,2,2,1,18409
15695,8,1,4,18410
14716,1,3,7,18411
14314,8,4,4,18412
17390,1,7,4,18413
17109,6,2,4,18414
17022,4,5,4,18415
14119,8,1,8,18416
17888,5,7,4,18417
10148,3,2,8,18418
14688,4,7,2,18419
18701,8,8,6,18420
18567,9,3,6,18421
13392,9,3,8,18422
17221,8,2,4,18423
17670,4,4,6,18424
19395,7,6,9,18425
10842,6,8,6,18426
18127,8,1,4,18427
13642,3,7,2,18428
19167,4,6,6,18429
19903,2,6,7,18430
12316,6,5,8,18431
19323,9,1,1,18432
10707,8,4,4,18433
17140,7,6,9,18434
18981,7,6,4,18435
16645,9,4,3,18436
15907,3,3,9,18437
18698,5,8,5,18438
15778,1,1,1,18439
11596,9,6,3,18440
11538,4,6,5,18441
10814,4,8,5,18442
13002,1,6,6,18443
10509,2,3,1,18444
10349,6,8,5,18445
19463,6,7,6,18446
15429,8,6,6,18447
13189,2,9,4,18448
18935,2,6,9,18449
12499,5,7,4,18450
14753,3,8,8,18451
12067,7,3,2,18452
10068,4,5,4,18453
13557,2,5,3,18454
19756,4,5,6,18455
17773,8,2,2,18456
12662,7,4,1,18457
10557,8,3,3,18458
13194,7,4,9,18459
16504,8,1,4,18460
12565,7,1,3,18461
11630,2,9,1,18462
10819,5,9,4,18463
14605,3,1,4,18464
17762,4,2,8,18465
16073,7,9,7,18466
15725,8,2,6,18467
12721,7,1,1,18468
11441,9,6,5,18469
10765,4,3,7,18470
18315,3,8,3,18471
14388,2,5,3,18472
12844,7,8,5,18473
19116,5,4,4,18474
14702,1,5,9,18475
16079,6,2,7,18476
19097,7,8,9,18477
17512,2,8,8,18478
16096,4,9,9,18479
19593,1,9,4,18480
17531,9,8,6,18481
10747,9,6,4,18482
16658,3,5,4,18483
16818,2,9,7,18484
12684,2,6,3,18485
14631,1,6,7,18486
15050,1,9,7,18487
19513,3,7,1,18488
16077,1,6,7,18489
15304,7,2,9,18490
10622,9,2,2,18491
14705,4,4,8,18492
19699,7,8,9,18493
12408,1,2,1,18494
10188,8,7,7,18495
11532,9,4,3,18496
15705,6,4,7,18497
19654,8,8,7,18498
12805,5,3,8,18499
14917,9,1,5,18500
13679,1,9,5,18501
17892,8,6,5,18502
19527,5,2,4,18503
16952,2,4,9,18504
17671,7,3,5,18505
15556,3,7,2,18506
16134,1,4,9,18507
15385,6,2,9,18508
18152,3,2,1,18509
19113,9,4,2,18510
13982,7,1,9,18511
13054,7,2,6,18512
13633,8,8,4,18513
19893,7,6,6,18514
12598,6,9,9,18515
19088,8,8,4,18516
19536,7,7,6,18517
18023,6,8,2,18518
11002,6,7,6,18519
19484,4,4,5,18520
15924,4,1,1,18521
16305,7,9,1,18522
19577,5,7,5,18523
19092,1,9,1,18524
18720,3,9,3,18525
16033,4,9,7,18526
10603,5,4,4,18527
11132,3,7,8,18528
15160,2,9,6,18529
12426,5,2,6,18530
13491,8,4,2,18531
19201,2,9,6,18532
12175,7,8,5,18533
16343,2,9,7,18534
19564,7,6,3,18535
15814,6,2,3,18536
10035,8,5,1,18537
16893,1,5,2,18538
15507,4,5,7,18539
14089,5,1,1,18540
12224,4,7,2,18541
18100,3,1,3,18542
14493,8,8,9,18543
15008,9,4,8,18544
15083,2,6,8,18545
15195,8,6,6,18546
17138,1,8,9,18547
17912,1,7,9,18548
12760,7,4,2,18549
10016,7,8,9,18550
10884,1,5,7,18551
12430,7,8,1,18552
11238,4,1,6,18553
13741,3,9,5,18554
11457,5,2,6,18555
10112,6,5,5,18556
10676,5,8,8,18557
14486,7,3,4,18558
11867,7,5,6,18559
13355,1,7,1,18560
15312,3,1,6,18561
11761,2,5,3,18562
15862,4,9,8,18563
13664,6,2,8,18564
14703,2,3,8,18565
18003,3,6,5,18566
18337,9,2,6,18567
19481,7,8,4,18568
13307,9,3,9,18569
10071,1,2,5,18570
11289,5,6,8,18571
19700,6,2,7,18572
10094,3,1,1,18573
12997,4,6,1,18574
18465,2,4,4,18575
11572,9,3,5,18576
17426,4,1,9,18577
16629,7,8,7,18578
19166,7,1,7,18579
12735,1,1,5,18580
14566,9,5,8,18581
17922,7,1,7,18582
18884,3,2,1,18583
16257,6,2,9,18584
16348,6,5,1,18585
12110,1,6,8,18586
19322,4,3,5,18587
10967,1,1,2,18588
18631,5,5,5,18589
14469,4,1,6,18590
18257,9,5,6,18591
15018,1,8,1,18592
12547,2,5,3,18593
11620,5,9,9,18594
12761,1,5,6,18595
18646,3,8,1,18596
13457,6,1,5,18597
12322,5,9,7,18598
14085,5,7,4,18599
12579,8,5,2,18600
14986,1,7,6,18601
10966,7,9,2,18602
12209,6,2,5,18603
16457,2,6,6,18604
17602,8,1,3,18605
11541,4,1,3,18606
17299,8,5,9,18607
10544,2,3,3,18608
17328,7,1,5,18609
15509,9,8,6,18610
14636,1,9,4,18611
17693,8,9,7,18612
19925,2,6,4,18613
10589,5,4,5,18614
19034,4,5,4,18615
10630,8,1,9,18616
19749,9,1,9,18617
15978,6,2,4,18618
18341,5,9,1,18619
10625,4,5,7,18620
14665,6,7,4,18621
12989,9,4,6,18622
14161,4,3,3,18623
12878,3,3,4,18624
11224,7,4,4,18625
12585,5,1,8,18626
18661,2,8,8,18627
16354,5,1,1,18628
12544,6,7,7,18629
17400,6,4,9,18630
15702,8,6,4,18631
17782,2,5,2,18632
13993,2,7,2,18633
19230,1,7,1,18634
10172,3,9,2,18635
15078,2,6,5,18636
18464,1,6,7,18637
11404,3,1,7,18638
16639,1,3,4,18639
19054,9,4,8,18640
12610,4,9,9,18641
15357,7,5,2,18642
13052,8,4,2,18643
18875,4,6,3,18644
10895,1,4,2,18645
13163,6,1,9,18646
19129,6,5,5,18647
12962,1,8,6,18648
12329,3,5,6,18649
18451,6,8,4,18650
13626,3,3,3,18651
11186,8,9,7,18652
12827,2,5,4,18653
13811,8,5,2,18654
18652,4,6,4,18655
19372,9,3,3,18656
17685,6,3,3,18657
12529,7,3,2,18658
16861,8,6,9,18659
10517,2,9,3,18660
17826,1,3,7,18661
17164,7,4,1,18662
13318,2,5,7,18663
15049,3,4,9,18664
14861,7,9,7,18665
10543,6,3,5,18666
19777,5,5,7,18667
10033,5,2,3,18668
15492,2,7,1,18669
10178,1,8,4,18670
19776,6,7,3,18671
15258,5,8,4,18672
11337,6,6,9,18673
13773,6,4,1,18674
19973,2,8,2,18675
19665,2,6,7,18676
18278,6,4,4,18677
14147,6,2,4,18678
10686,1,2,2,18679
12002,7,6,5,18680
10863,8,3,9,18681
15711,9,6,5,18682
17334,4,5,1,18683
12284,7,7,3,18684
13835,1,6,7,18685
10447,4,3,8,18686
10571,1,2,6,18687
12065,5,7,6,18688
19832,2,3,7,18689
18211,5,4,6,18690
11631,2,3,6,18691
18405,2,1,6,18692
18869,4,8,8,18693
18301,3,3,2,18694
12169,5,7,5,18695
12226,2,9,3,18696
12810,9,7,1,18697
16485,6,3,8,18698
15020,9,5,1,18699
10200,1,8,4,18700
14836,8,6,3,18701
12737,2,5,9,18702
11048,8,4,7,18703
15900,9,6,7,18704
17974,3,2,9,18705
13514,1,2,3,18706
14538,7,7,9,18707
19007,6,4,8,18708
14276,2,1,6,18709
12358,7,3,9,18710
12906,7,6,7,18711
19016,6,3,4,18712
13301,6,4,3,18713
19726,3,1,5,18714
17708,3,6,8,18715
17614,8,3,7,18716
13632,7,6,5,18717
18492,8,8,9,18718
14647,7,1,6,18719
15757,9,3,3,18720
10501,5,3,8,18721
16942,5,2,7,18722
12064,2,1,6,18723
15923,7,4,7,18724
10602,3,6,3,18725
13211,5,5,3,18726
18672,5,1,1,18727
15031,8,2,3,18728
14208,1,1,9,18729
14461,8,1,5,18730
15108,7,5,4,18731
14771,2,9,4,18732
12093,4,9,2,18733
18953,2,5,1,18734
12657,5,2,5,18735
19669,8,7,2,18736
13735,1,9,6,18737
14851,6,1,9,18738
14730,5,8,7,18739
16156,9,4,9,18740
10874,5,6,2,18741
14712,7,1,3,18742
13291,3,9,6,18743
16784,8,4,1,18744
16359,7,4,5,18745
17759,9,5,5,18746
15180,6,3,6,18747
19212,9,4,7,18748
13255,4,6,2,18749
13923,2,2,3,18750
13713,6,3,7,18751
16160,7,7,9,18752
16135,7,4,2,18753
14839,5,9,7,18754
17355,3,6,5,18755
11413,1,9,5,18756
10871,8,4,1,18757
12984,1,2,9,18758
19821,6,5,6,18759
13195,6,4,8,18760
13220,6,3,5,18761
10675,3,2,1,18762
15846,3,6,2,18763
19305,3,8,4,18764
15290,6,8,2,18765
14460,2,2,3,18766
15247,1,2,5,18767
10239,3,7,2,18768
18679,2,8,3,18769
18218,7,8,7,18770
10445,4,8,3,18771
18999,8,4,5,18772
15995,8,6,5,18773
17488,6,7,3,18774
16515,1,6,5,18775
18247,3,9,3,18776
12936,7,3,4,18777
10546,6,2,6,18778
19792,9,5,1,18779
12486,3,2,2,18780
11375,1,7,8,18781
13692,8,7,2,18782
18586,6,7,7,18783
14938,4,2,5,18784
11880,2,8,2,18785
10107,4,5,8,18786
12244,8,3,5,18787
10240,7,7,7,18788
10971,1,4,8,18789
16907,9,5,4,18790
19033,2,3,7,18791
11786,2,4,7,18792
14653,3,5,4,18793
17906,9,4,4,18794
15371,7,3,9,18795
13641,4,6,6,18796
16069,2,5,5,18797
14519,2,4,9,18798
10441,6,3,4,18799
16432,1,7,7,18800
16877,8,7,1,18801
11806,5,3,1,18802
16557,6,5,5,18803
17468,2,7,7,18804
11102,4,5,4,18805
17389,4,7,3,18806
17496,6,3,8,18807
13858,9,8,6,18808
11059,4,2,6,18809
18212,1,2,7,18810
17509,2,3,4,18811
10936,7,4,4,18812
15367,4,4,3,18813
13603,8,5,7,18814
17006,3,5,4,18815
10259,6,9,6,18816
13080,3,2,1,18817
14027,2,4,3,18818
18821,7,5,1,18819
19072,4,9,9,18820
12165,6,1,8,18821
12034,5,3,8,18822
12026,7,5,5,18823
18865,7,8,4,18824
13104,8,4,4,18825
16562,3,1,9,18826
18501,8,8,5,18827
14116,4,6,6,18828
14247,2,6,1,18829
13011,2,7,8,18830
19533,3,4,2,18831
19416,2,6,4,18832
18262,4,8,8,18833
17845,7,7,7,18834
10449,9,3,8,18835
13456,5,5,5,18836
10742,4,8,1,18837
17020,1,6,7,18838
13050,5,8,5,18839
17747,8,1,1,18840
10477,8,4,1,18841
19028,4,7,8,18842
11100,7,3,3,18843
11042,6,9,8,18844
17952,1,2,3,18845
12477,4,1,6,18846
19149,2,7,6,18847
16385,1,4,7,18848
15331,6,6,7,18849
19685,2,4,3,18850
16253,3,2,7,18851
19217,7,4,3,18852
14638,3,6,1,18853
16880,1,7,1,18854
17068,2,9,8,18855
13958,9,7,3,18856
17618,2,3,1,18857
13670,4,2,8,18858
13547,9,5,8,18859
10298,5,2,1,18860
14474,4,2,8,18861
12176,8,8,4,18862
18829,6,7,2,18863
16014,1,4,3,18864
17683,3,5,2,18865
19474,6,5,2,18866
12111,9,9,5,18867
18109,4,5,8,18868
16326,5,1,7,18869
12970,7,6,8,18870
13251,1,7,4,18871
14134,3,1,3,18872
15733,7,3,4,18873
18909,1,4,8,18874
15473,8,8,9,18875
18985,5,2,6,18876
16971,7,2,6,18877
17945,2,9,9,18878
13510,2,3,2,18879
17885,7,4,2,18880
16030,3,3,6,18881
16129,3,4,2,18882
13786,6,7,5,18883
16114,4,6,6,18884
16063,5,4,9,18885
18774,2,8,6,18886
10443,7,5,2,18887
13756,2,8,7,18888
18500,1,3,6,18889
11260,2,8,4,18890
14487,4,4,5,18891
13484,2,5,4,18892
12270,5,9,9,18893
17616,3,3,7,18894
19598,5,8,6,18895
17192,1,1,3,18896
15088,2,1,7,18897
15731,8,7,5,18898
16342,9,9,5,18899
16462,8,5,5,18900
11799,4,8,6,18901
12359,5,5,1,18902
17650,6,7,4,18903
11897,1,8,2,18904
18372,8,4,3,18905
12688,8,4,3,18906
16875,2,3,9,18907
16676,1,7,1,18908
11205,7,5,3,18909
18615,6,4,6,18910
13929,1,8,7,18911
16659,7,9,5,18912
11993,4,9,7,18913
19134,4,9,1,18914
14943,3,8,3,18915
14373,3,7,5,18916
11646,2,4,3,18917
18123,2,8,1,18918
13703,4,3,4,18919
18028,4,6,1,18920
16481,5,7,9,18921
18950,6,8,1,18922
16817,8,7,1,18923
12086,7,6,3,18924
11406,7,6,6,18925
13761,2,5,7,18926
12606,5,4,1,18927
13034,9,5,8,18928
17746,8,8,8,18929
16791,3,7,2,18930
10688,1,4,7,18931
15647,7,1,5,18932
18760,5,5,6,18933
10434,4,5,8,18934
14718,7,3,3,18935
13306,6,9,6,18936
17111,9,4,7,18937
14687,2,9,1,18938
13072,4,3,5,18939
12593,2,2,7,18940
16429,3,6,8,18941
14038,7,8,1,18942
13272,8,4,6,18943
18562,5,3,1,18944
12701,6,5,7,18945
17281,5,2,2,18946
19801,1,8,1,18947
10700,1,4,1,18948
19764,5,8,4,18949
15159,1,3,8,18950
13020,6,3,4,18951
16472,9,9,6,18952
16805,3,2,1,18953
13409,5,5,2,18954
10113,8,1,4,18955
18569,2,4,9,18956
17990,9,6,5,18957
17788,9,6,5,18958
10962,5,1,6,18959
17647,7,9,2,18960
16000,5,3,8,18961
13367,9,2,2,18962
19199,3,9,2,18963
12836,7,6,3,18964
13980,1,1,1,18965
12273,2,5,3,18966
17054,6,5,1,18967
18361,2,7,8,18968
16037,3,6,3,18969
13570,4,9,7,18970
11360,3,6,2,18971
11428,8,2,3,18972
15370,8,5,8,18973
10646,4,7,7,18974
19318,6,7,8,18975
17117,9,7,5,18976
16917,7,9,1,18977
14304,4,1,9,18978
12319,7,5,9,18979
17296,5,6,5,18980
19403,3,6,5,18981
18168,2,1,1,18982
15967,2,5,2,18983
12951,9,5,7,18984
17547,6,5,5,18985
11187,6,2,2,18986
14659,5,8,2,18987
11333,4,9,3,18988
16605,2,4,9,18989
10403,1,7,2,18990
11749,9,1,4,18991
17862,5,3,5,18992
18096,7,6,5,18993
10497,5,5,9,18994
16983,2,9,4,18995
18565,4,4,9,18996
10173,8,5,6,18997
10291,1,7,4,18998
13070,6,3,6,18999
11226,5,5,4,19000
19137,3,2,2,19001
12186,4,1,9,19002
17744,1,8,6,19003
19901,3,3,9,19004
17249,8,9,9,19005
17038,6,2,5,19006
12689,9,7,9,19007
18327,1,1,1,19008
17084,2,5,2,19009
12156,7,8,7,19010
17839,7,7,2,19011
19043,9,3,3,19012
19930,5,8,2,19013
10551,6,1,6,19014
17754,2,7,8,19015
17526,5,4,7,19016
18369,3,9,2,19017
14052,4,1,5,19018
10953,4,5,6,19019
17415,2,2,7,19020
18401,4,4,1,19021
10728,4,1,7,19022
10822,3,6,7,19023
16539,4,6,4,19024
17471,3,9,6,19025
11753,8,2,9,19026
17585,7,3,1,19027
10159,3,6,2,19028
11442,6,3,3,19029
15793,4,4,3,19030
16483,7,9,5,19031
16548,2,1,6,19032
15970,1,3,2,19033
13545,8,8,3,19034
18073,5,9,5,19035
11067,5,1,6,19036
18784,8,9,4,19037
15035,5,7,5,19038
18932,8,9,8,19039
19014,5,2,5,19040
12712,5,9,8,19041
17543,6,2,9,19042
14192,1,7,5,19043
15855,4,6,6,19044
18710,5,6,7,19045
12311,1,6,5,19046
11281,1,6,6,19047
14948,7,4,9,19048
19293,7,4,5,19049
10374,2,7,2,19050
18065,6,7,5,19051
11371,1,1,2,19052
17350,3,8,8,19053
19855,7,3,8,19054
13522,6,7,7,19055
15874,3,8,5,19056
13469,6,1,8,19057
11387,1,7,4,19058
17995,9,4,4,19059
15588,8,5,9,19060
15946,8,3,2,19061
14201,5,1,8,19062
12750,8,1,5,19063
13277,7,2,6,19064
11563,1,9,2,19065
15597,2,2,9,19066
19635,5,9,9,19067
17343,2,8,9,19068
16883,5,3,1,19069
17753,4,4,6,19070
10547,2,3,5,19071
18804,6,2,6,19072
16159,7,1,6,19073
10096,1,1,4,19074
12022,6,1,8,19075
17450,6,6,9,19076
13797,1,1,3,19077
11367,7,1,3,19078
19349,6,1,7,19079
14395,1,5,6,19080
15133,3,7,8,19081
13651,6,7,9,19082
12733,4,2,9,19083
11869,1,4,8,19084
13525,1,3,3,19085
15240,8,6,1,19086
17282,5,4,1,19087
11564,1,5,7,19088
15237,4,3,5,19089
19325,7,7,2,19090
13216,3,9,1,19091
17638,7,4,7,19092
13875,8,4,3,19093
19559,2,5,9,19094
18748,4,9,3,19095
19550,2,3,9,19096
19163,1,7,4,19097
10235,4,2,3,19098
13289,9,8,7,19099
15700,2,4,2,19100
19693,9,4,6,19101
10926,5,9,8,19102
12832,4,1,7,19103
17357,1,5,4,19104
16227,7,9,8,19105
14563,6,2,7,19106
10715,7,9,1,19107
15192,8,6,9,19108
18452,8,6,3,19109
10386,3,5,1,19110
15703,2,3,8,19111
12481,9,2,4,19112
14792,9,2,7,19113
18682,5,1,5,19114
11131,4,7,2,19115
15655,2,1,6,19116
18269,1,4,2,19117
16689,2,9,3,19118
17393,8,1,1,19119
17313,9,7,6,19120
12227,6,4,8,19121
12504,7,5,7,19122
11382,8,9,9,19123
17676,8,7,2,19124
10270,8,5,8,19125
15099,9,2,3,19126
13256,3,5,4,19127
15581,2,1,2,19128
19115,1,6,4,19129
15930,5,6,1,19130
11427,7,5,3,19131
11148,6,1,1,19132
15422,5,1,8,19133
12921,3,2,9,19134
17291,6,1,7,19135
14377,8,8,9,19136
14675,7,7,6,19137
16256,7,7,8,19138
11298,8,8,8,19139
16126,6,1,1,19140
12591,4,5,7,19141
11836,1,8,6,19142
18429,3,4,6,19143
16627,3,3,6,19144
15251,5,3,6,19145
19803,8,4,4,19146
10893,1,5,8,19147
17160,6,2,4,19148
13728,6,2,3,19149
16632,9,9,3,19150
13584,3,8,9,19151
11019,2,3,4,19152
19373,2,6,9,19153
11080,1,9,7,19154
16843,7,9,5,19155
12917,8,6,7,19156
11424,7,5,2,19157
15714,7,7,6,19158
12532,5,3,5,19159
15570,9,2,9,19160
18703,3,6,6,19161
13943,5,9,3,19162
14901,8,8,3,19163
14358,6,7,8,19164
11759,3,1,6,19165
16690,7,7,8,19166
13376,3,4,9,19167
11962,4,7,5,19168
18250,7,6,6,19169
10067,9,9,2,19170
17280,2,2,9,19171
15532,7,6,4,19172
14140,1,3,9,19173
18165,8,9,9,19174
18377,8,9,8,19175
13410,6,5,4,19176
12123,8,8,8,19177
12528,6,7,5,19178
15344,6,5,1,19179
15006,3,4,3,19180
16071,4,8,4,19181
14651,7,1,4,19182
18907,4,8,7,19183
13039,8,4,5,19184
15572,4,8,6,19185
19086,5,7,7,19186
14536,1,6,6,19187
17902,3,5,8,19188
16998,9,4,7,19189
10411,4,3,9,19190
17241,8,6,5,19191
11700,7,5,6,19192
19298,6,7,8,19193
14669,3,7,7,19194
16734,9,2,4,19195
11487,8,8,7,19196
15531,5,9,7,19197
19854,6,9,4,19198
10811,4,7,1,19199
19744,6,2,7,19200
11198,5,8,1,19201
16496,5,4,5,19202
14129,7,6,8,19203
13717,7,3,4,19204
13076,2,5,1,19205
14465,6,5,9,19206
12981,9,6,9,19207
19099,2,4,1,19208
16029,6,1,6,19209
16461,3,1,1,19210
19607,3,9,7,19211
11076,9,3,4,19212
11549,3,5,5,19213
13096,2,7,9,19214
10531,7,3,6,19215
11011,7,5,3,19216
11325,8,5,2,19217
10973,9,7,1,19218
15181,4,3,7,19219
13921,4,6,1,19220
13990,5,7,9,19221
15743,9,5,9,19222
15787,6,7,3,19223
12748,5,6,6,19224
18486,1,3,5,19225
19793,4,5,6,19226
14693,8,4,2,19227
13249,3,4,4,19228
12896,9,1,5,19229
19006,3,5,6,19230
11277,9,3,1,19231
17590,9,1,8,19232
18526,6,8,5,19233
11243,5,1,6,19234
14789,8,1,3,19235
16674,3,5,2,19236
19552,6,7,8,19237
11575,6,8,6,19238
12031,6,2,4,19239
19109,1,9,6,19240
13133,8,8,3,19241
17255,2,9,3,19242
11852,9,4,2,19243
18750,5,7,6,19244
18601,7,1,7,19245
19646,4,1,7,19246
11751,9,7,3,19247
17629,5,1,4,19248
13801,4,4,8,19249
15783,3,1,6,19250
11463,1,6,7,19251
10744,8,1,7,19252
19057,1,5,1,19253
18696,1,3,7,19254
13783,9,8,7,19255
19128,3,8,1,19256
15164,9,3,8,19257
19124,6,7,8,19258
10877,5,5,6,19259
19645,4,8,4,19260
18761,2,4,2,19261
13036,7,3,9,19262
15573,1,4,7,19263
13896,1,1,2,19264
15408,7,6,1,19265
16902,6,4,5,19266
10978,3,9,7,19267
11604,1,1,2,19268
14981,5,2,8,19269
12793,1,6,6,19270
12020,2,6,6,19271
17422,3,8,2,19272
11070,6,1,4,19273
10937,1,9,8,19274
13889,2,7,1,19275
10529,3,9,7,19276
10295,7,9,2,19277
13652,4,1,7,19278
14130,6,5,3,19279
10242,3,8,3,19280
18809,8,6,6,19281
10532,5,7,6,19282
17048,2,8,7,19283
11684,3,8,2,19284
13607,4,5,5,19285
13722,4,2,8,19286
11815,4,2,1,19287
10523,5,9,1,19288
14867,3,9,2,19289
17774,1,2,3,19290
13427,6,7,4,19291
13275,5,1,2,19292
12401,2,3,8,19293
14200,2,7,2,19294
15892,2,7,1,19295
10444,9,1,8,19296
16735,1,3,7,19297
11673,9,3,5,19298
12491,5,7,8,19299
14354,5,1,4,19300
11163,1,9,5,19301
10553,7,7,6,19302
16106,3,4,8,19303
16588,9,1,1,19304
18373,9,2,1,19305
14779,1,9,2,19306
17563,9,9,5,19307
15398,1,1,4,19308
11429,7,8,1,19309
12206,1,5,1,19310
10972,9,9,9,19311
13365,5,3,1,19312
18949,6,5,5,19313
16972,1,4,3,19314
17931,5,6,3,19315
19157,6,4,6,19316
17135,9,6,3,19317
14158,6,9,9,19318
12144,4,2,2,19319
12366,6,8,3,19320
19369,1,3,3,19321
11479,8,1,5,19322
16809,8,8,4,19323
17074,3,7,8,19324
12707,8,4,6,19325
15728,4,4,9,19326
18037,5,4,4,19327
12616,2,9,4,19328
14697,2,4,7,19329
13674,8,7,3,19330
14756,6,9,3,19331
12683,5,8,1,19332
11117,2,9,1,19333
15135,8,3,3,19334
13447,5,9,9,19335
14890,1,9,2,19336
12161,1,7,5,19337
15038,9,8,5,19338
19407,9,2,2,19339
14416,9,3,7,19340
19448,2,6,2,19341
18876,9,5,3,19342
13682,5,6,7,19343
10758,7,9,4,19344
19822,2,4,4,19345
18984,3,3,2,19346
17181,7,4,8,19347
10576,5,5,4,19348
13123,5,3,9,19349
16500,3,5,6,19350
12453,5,2,5,19351
14426,3,8,8,19352
12187,5,2,2,19353
13273,2,9,2,19354
17487,2,2,3,19355
16710,9,4,5,19356
14759,2,3,9,19357
14852,3,9,3,19358
17601,4,2,7,19359
19613,8,3,2,19360
14204,3,5,3,19361
14934,4,7,7,19362
18749,7,8,1,19363
14505,7,2,9,19364
13669,9,7,3,19365
16002,4,4,8,19366
18942,7,8,9,19367
13403,8,7,6,19368
16685,9,8,4,19369
19835,5,2,4,19370
10721,4,5,9,19371
11167,7,7,1,19372
12469,5,4,7,19373
18614,8,3,5,19374
10674,2,3,5,19375
10171,1,7,5,19376
13956,5,8,6,19377
11551,1,8,4,19378
12442,8,6,3,19379
19121,9,3,8,19380
14524,2,6,1,19381
10812,3,3,9,19382
14473,7,7,5,19383
11116,9,7,1,19384
14821,9,6,8,19385
18324,4,1,7,19386
17555,1,2,1,19387
15671,2,5,2,19388
14953,3,2,6,19389
12521,7,1,9,19390
13119,6,7,6,19391
18292,6,7,1,19392
15589,5,1,7,19393
16220,1,3,5,19394
18154,3,8,3,19395
12427,4,6,3,19396
13000,6,2,3,19397
16978,7,4,1,19398
19315,9,8,1,19399
10280,6,7,9,19400
16314,2,1,7,19401
19225,4,1,1,19402
11527,6,3,3,19403
18391,1,1,3,19404
17564,9,1,1,19405
18309,2,5,2,19406
15667,6,8,9,19407
16191,9,3,5,19408
12147,5,4,8,19409
16198,6,9,1,19410
14710,7,8,6,19411
16398,2,4,8,19412
17387,3,7,7,19413
16592,4,5,3,19414
18066,7,2,6,19415
13064,2,9,5,19416
14209,4,5,5,19417
18000,8,1,2,19418
17843,9,6,9,19419
15593,5,3,2,19420
15111,8,7,5,19421
16929,9,8,7,19422
10597,8,1,9,19423
14760,1,9,2,19424
12369,7,5,1,19425
13605,5,1,5,19426
17162,5,8,2,19427
15019,3,5,7,19428
11063,6,5,1,19429
16850,3,2,8,19430
18248,2,6,9,19431
13197,4,4,1,19432
18148,7,9,7,19433
14596,1,9,9,19434
19169,9,1,3,19435
18347,1,6,1,19436
13335,2,9,4,19437
18742,8,9,2,19438
10683,4,9,2,19439
11591,2,1,8,19440
16822,9,9,9,19441
18236,8,7,2,19442
14533,6,3,6,19443
14345,2,6,4,19444
17092,2,9,9,19445
18171,8,2,6,19446
17791,7,9,8,19447
14390,9,6,4,19448
14689,7,4,3,19449
12949,5,5,9,19450
12337,8,8,3,19451
14510,3,4,5,19452
15957,3,9,3,19453
12051,2,5,1,19454
15413,6,3,1,19455
19659,4,7,3,19456
12625,6,3,5,19457
12145,1,3,5,19458
18064,1,9,5,19459
19725,4,6,3,19460
19995,3,5,4,19461
17433,4,8,5,19462
10596,3,3,6,19463
17261,7,9,9,19464
19358,5,2,5,19465
12922,9,1,2,19466
15130,7,1,2,19467
19472,4,6,1,19468
14468,1,4,3,19469
14940,5,8,8,19470
17916,6,3,1,19471
17456,3,5,8,19472
16022,8,8,3,19473
16753,9,1,6,19474
10458,2,6,9,19475
17128,1,5,2,19476
19460,6,5,9,19477
11085,5,7,4,19478
19634,1,2,9,19479
16528,4,8,7,19480
12450,1,1,2,19481
18130,8,4,1,19482
12202,2,4,1,19483
11265,3,5,4,19484
19101,2,2,7,19485
13798,8,5,9,19486
15151,6,7,8,19487
10951,4,3,8,19488
17956,3,4,1,19489
16581,5,3,4,19490
12542,8,1,8,19491
19730,9,1,9,19492
13907,9,9,9,19493
15992,7,3,3,19494
19592,3,8,7,19495
15314,3,6,7,19496
15801,3,9,7,19497
15170,5,8,9,19498
14202,6,7,6,19499
12178,3,3,1,19500
19519,7,8,1,19501
14815,9,9,9,19502
10588,2,7,8,19503
14062,1,2,4,19504
14854,3,8,4,19505
17748,9,8,7,19506
10935,9,1,4,19507
12347,2,3,5,19508
14326,9,2,8,19509
16396,2,8,5,19510
14418,7,4,7,19511
10207,4,2,4,19512
17712,8,7,7,19513
18780,2,1,4,19514
19880,6,6,4,19515
15875,8,9,5,19516
11505,2,2,8,19517
17472,6,9,3,19518
14661,5,9,7,19519
17516,7,9,7,19520
10897,3,9,7,19521
10981,1,9,8,19522
19001,4,7,1,19523
14366,7,1,1,19524
16023,4,7,6,19525
14946,3,7,6,19526
18530,7,2,2,19527
10473,4,3,4,19528
10794,8,6,3,19529
10855,7,4,5,19530
11016,8,3,2,19531
10076,4,7,8,19532
15922,9,6,4,19533
10427,2,8,1,19534
12713,9,1,5,19535
10415,2,9,9,19536
14424,6,5,9,19537
12260,8,9,3,19538
18687,7,3,6,19539
14719,2,2,9,19540
14924,7,6,1,19541
15876,7,3,8,19542
16269,2,8,5,19543
11126,4,1,3,19544
16938,2,1,8,19545
18691,3,8,5,19546
14292,3,6,2,19547
19952,5,2,7,19548
19679,6,9,9,19549
19392,8,2,7,19550
12027,1,6,2,19551
18416,2,5,5,19552
16994,1,8,8,19553
12559,5,8,3,19554
17866,7,9,1,19555
19910,2,3,3,19556
18844,9,4,1,19557
18379,2,8,2,19558
14648,8,1,4,19559
10685,5,4,9,19560
19414,2,1,9,19561
15101,6,9,1,19562
10153,2,3,4,19563
19133,5,8,5,19564
12716,9,2,4,19565
19231,5,6,3,19566
12172,8,5,1,19567
15629,9,8,6,19568
11286,1,3,6,19569
10294,6,7,1,19570
16374,2,2,9,19571
19281,6,7,1,19572
17752,2,2,6,19573
10567,2,8,2,19574
11101,4,1,1,19575
10945,7,2,5,19576
19180,3,6,4,19577
16164,6,1,9,19578
17550,4,5,8,19579
10234,2,3,6,19580
11159,9,9,9,19581
13689,5,5,7,19582
14021,6,5,4,19583
14904,2,6,2,19584
12014,5,8,9,19585
17642,1,5,4,19586
11768,7,7,5,19587
14690,9,3,2,19588
15470,6,7,7,19589
11454,2,4,9,19590
19842,2,4,8,19591
15338,4,5,7,19592
17039,3,5,6,19593
15435,4,8,4,19594
12314,1,3,3,19595
14556,4,5,9,19596
18112,8,1,7,19597
12569,2,5,4,19598
14488,8,4,1,19599
16796,1,4,2,19600
16712,5,4,1,19601
17865,6,1,6,19602
16738,8,4,9,19603
17850,9,2,6,19604
16898,1,8,2,19605
14545,5,3,6,19606
11790,9,1,8,19607
13818,9,6,5,19608
11936,2,1,9,19609
11708,2,1,4,19610
10219,9,6,7,19611
14338,8,3,5,19612
10867,9,8,2,19613
11736,4,2,5,19614
12944,4,9,4,19615
11871,4,3,4,19616
10205,6,3,4,19617
13270,5,1,3,19618
15411,3,7,3,19619
13210,2,9,1,19620
14295,5,6,6,19621
13768,5,8,4,19622
13451,6,9,3,19623
13359,9,5,5,19624
16582,6,3,6,19625
15150,5,8,7,19626
16456,4,7,7,19627
19449,7,8,9,19628
17989,5,1,4,19629
17787,6,8,1,19630
19289,8,8,6,19631
15668,6,1,3,19632
13924,3,6,9,19633
18837,8,8,9,19634
14237,7,4,6,19635
19222,8,8,8,19636
10852,4,9,9,19637
17219,6,3,9,19638
18599,8,3,7,19639
18827,8,9,8,19640
10689,5,4,2,19641
14274,3,8,3,19642
11797,1,6,7,19643
10208,9,8,7,19644
16379,6,9,6,19645
12605,6,3,6,19646
17237,1,7,6,19647
16678,3,2,6,19648
16163,7,8,5,19649
17394,1,6,7,19650
14029,9,2,1,19651
17326,8,2,8,19652
12651,8,7,1,19653
11857,7,3,6,19654
11179,8,2,2,19655
19503,4,4,8,19656
17447,7,4,7,19657
11415,4,2,5,19658
10671,2,9,4,19659
14053,5,6,7,19660
18678,3,9,9,19661
17979,6,7,9,19662
11225,3,3,2,19663
13245,2,3,8,19664
18814,2,1,7,19665
12041,6,1,2,19666
13635,4,6,3,19667
10997,2,6,3,19668
11437,1,2,5,19669
13543,6,7,6,19670
16132,2,7,6,19671
14218,3,3,4,19672
16222,5,8,8,19673
13375,8,1,6,19674
19845,9,7,1,19675
10278,5,3,5,19676
14372,8,7,2,19677
16508,5,8,8,19678
18192,1,8,7,19679
15028,3,4,7,19680
13416,5,2,6,19681
11405,7,7,9,19682
12089,3,6,6,19683
10996,1,1,3,19684
13417,9,1,1,19685
16329,7,2,7,19686
15678,1,6,3,19687
10367,9,4,4,19688
17292,1,2,2,19689
16459,3,9,2,19690
10616,2,8,1,19691
17942,1,3,4,19692
19834,7,5,4,19693
11916,8,8,8,19694
16530,4,2,9,19695
15564,7,6,3,19696
17702,7,9,5,19697
18602,4,5,2,19698
17480,3,9,2,19699
12889,7,5,6,19700
13601,6,1,2,19701
12130,6,3,1,19702
13288,5,2,4,19703
13003,4,6,1,19704
14642,7,4,8,19705
12974,2,4,6,19706
12470,8,9,7,19707
16098,9,7,5,19708
19900,4,4,4,19709
16896,3,9,9,19710
16235,1,4,9,19711
16046,6,8,6,19712
14117,9,6,4,19713
16311,9,7,3,19714
16112,5,3,9,19715
11393,5,1,6,19716
19498,2,3,9,19717
10407,3,4,8,19718
18886,6,1,2,19719
17477,6,2,2,19720
19476,8,5,3,19721
17308,9,9,3,19722
19917,9,7,9,19723
11484,1,1,3,19724
14183,8,4,5,19725
12578,6,1,1,19726
12782,4,2,5,19727
14455,8,4,5,19728
10132,2,1,7,19729
19475,9,2,6,19730
14848,7,5,4,19731
18185,3,4,9,19732
16574,7,9,1,19733
18359,5,1,1,19734
14086,2,1,4,19735
12471,1,4,7,19736
14120,5,3,8,19737
13805,8,3,8,19738
15679,9,8,8,19739
17269,1,6,7,19740
15204,6,4,1,19741
14273,2,6,4,19742
10645,5,5,8,19743
15265,3,5,8,19744
16084,3,8,1,19745
13107,8,2,6,19746
12907,3,1,3,19747
15535,6,1,7,19748
11653,9,7,9,19749
18430,1,5,4,19750
15766,8,9,7,19751
19632,9,2,2,19752
15615,2,5,1,19753
12096,7,4,5,19754
14442,3,4,8,19755
15433,5,6,4,19756
13546,4,6,5,19757
14007,3,3,5,19758
18944,8,8,7,19759
16039,3,3,6,19760
14504,5,1,5,19761
16449,3,6,7,19762
17802,8,4,4,19763
10419,5,7,2,19764
10143,4,3,7,19765
17444,9,2,2,19766
17776,9,1,3,19767
17500,5,9,3,19768
13141,4,8,6,19769
14992,7,3,7,19770
12054,8,3,7,19771
10740,9,8,6,19772
17613,3,3,9,19773
10538,8,6,1,19774
18882,7,3,9,19775
10705,4,4,2,19776
16745,5,8,4,19777
13432,5,9,9,19778
18357,8,8,4,19779
19118,4,1,6,19780
14170,8,2,6,19781
14494,4,3,7,19782
19152,5,8,1,19783
11462,1,8,8,19784
14516,1,8,5,19785
10949,8,6,3,19786
17949,1,4,4,19787
16933,1,7,9,19788
17908,5,6,8,19789
15277,7,6,2,19790
13555,2,4,1,19791
14560,9,9,4,19792
19275,6,5,7,19793
15211,2,8,4,19794
14834,8,5,3,19795
10843,3,5,2,19796
11083,5,7,8,19797
10319,8,8,1,19798
17156,6,3,5,19799
19073,1,8,9,19800
17485,8,2,6,19801
18496,1,6,2,19802
18228,5,4,8,19803
10650,7,7,5,19804
11919,9,3,9,19805
10845,3,6,9,19806
12335,9,6,3,19807
11168,3,1,9,19808
12817,5,1,5,19809
11176,7,2,3,19810
16155,7,2,3,19811
12397,3,2,4,19812
14020,8,4,1,19813
17376,3,7,8,19814
18138,4,4,9,19815
17960,4,5,1,19816
16061,6,5,1,19817
10303,9,8,5,19818
13954,9,3,3,19819
13089,7,8,7,19820
19238,5,6,9,19821
14190,4,2,8,19822
17110,7,5,8,19823
12074,1,5,8,19824
15955,5,4,5,19825
16440,7,8,3,19826
11469,1,7,1,19827
19520,1,9,1,19828
19680,9,2,6,19829
11347,6,2,2,19830
14114,6,6,2,19831
12475,1,2,5,19832
17274,2,1,5,19833
11316,4,5,3,19834
14126,4,2,1,19835
10805,3,1,6,19836
14744,7,9,3,19837
15372,8,1,5,19838
16184,2,7,7,19839
13430,8,8,5,19840
19117,9,6,1,19841
16272,9,6,5,19842
14803,5,9,3,19843
16604,8,6,8,19844
10012,2,2,8,19845
10604,9,5,6,19846
14015,7,3,6,19847
11379,1,9,1,19848
12098,6,7,7,19849
11107,1,7,6,19850
13032,9,4,6,19851
15334,1,4,5,19852
17923,5,2,9,19853
13915,9,4,5,19854
10359,1,6,5,19855
19189,2,3,7,19856
18472,4,4,4,19857
12567,3,4,7,19858
14908,8,7,6,19859
14045,2,2,5,19860
18374,5,3,5,19861
10853,8,7,3,19862
14357,1,4,8,19863
14820,2,2,4,19864
13590,4,8,1,19865
18685,3,2,8,19866
12930,8,7,8,19867
11783,9,9,8,19868
14352,3,1,6,19869
14658,1,5,4,19870
16047,6,3,6,19871
10955,6,6,6,19872
16948,1,6,7,19873
12028,6,6,1,19874
18873,6,9,7,19875
10210,2,9,5,19876
13964,3,7,6,19877
17965,4,1,4,19878
15553,6,3,3,19879
15004,2,4,2,19880
16606,2,5,1,19881
18203,5,3,2,19882
19059,2,2,5,19883
11860,8,6,4,19884
14692,5,9,3,19885
10077,4,7,1,19886
10046,3,1,9,19887
10165,8,7,4,19888
17276,1,2,7,19889
11746,8,1,2,19890
10914,5,7,9,19891
19297,5,4,3,19892
19464,7,7,9,19893
17632,5,2,8,19894
17710,2,5,2,19895
10774,7,7,6,19896
13422,2,9,3,19897
15947,7,9,7,19898
19053,7,1,2,19899
10875,1,7,1,19900
16412,5,4,3,19901
14239,5,6,4,19902
11056,5,4,7,19903
12722,1,7,2,19904
16423,3,9,7,19905
15657,2,7,3,19906
14332,8,9,1,19907
11650,4,9,3,19908
14828,2,8,7,19909
15735,7,5,3,19910
10328,4,6,6,19911
18524,4,7,6,19912
11537,7,3,7,19913
12285,6,6,4,19914
19648,3,4,9,19915
17732,6,1,7,19916
13176,3,3,4,19917
12820,1,7,2,19918
14459,7,3,8,19919
16422,8,8,4,19920
13205,4,6,5,19921
12214,6,7,4,19922
14362,4,2,9,19923
15449,7,6,7,19924
10048,9,8,1,19925
11460,6,7,7,19926
19027,8,7,6,19927
10448,6,3,8,19928
16609,5,3,5,19929
10433,7,1,1,19930
13487,8,5,6,19931
18922,5,5,2,19932
15632,8,4,3,19933
11395,2,6,4,19934
16100,1,2,8,19935
16211,4,8,5,19936
18951,7,1,4,19937
17407,2,2,3,19938
12920,6,3,3,19939
11525,4,6,1,19940
19155,8,9,3,19941
19557,4,3,8,19942
16130,7,4,9,19943
13610,2,6,5,19944
16599,5,6,9,19945
10753,5,8,7,19946
11888,8,2,4,19947
18321,8,3,6,19948
15718,4,4,6,19949
13435,1,8,8,19950
18793,1,3,6,19951
12694,7,5,8,19952
14662,3,3,3,19953
17257,4,5,2,19954
14860,2,5,6,19955
15311,4,9,9,19956
18643,5,8,3,19957
11974,9,3,8,19958
14452,1,3,8,19959
15479,6,4,8,19960
18700,5,5,8,19961
14531,9,1,3,19962
16431,6,9,5,19963
19915,5,3,5,19964
15222,2,6,9,19965
17213,1,2,9,19966
10883,2,2,2,19967
17279,7,5,1,19968
16616,4,4,4,19969
17251,3,6,6,19970
19279,6,7,5,19971
16746,5,9,4,19972
11592,7,4,3,19973
15468,2,6,6,19974
18740,6,1,6,19975
13436,5,6,2,19976
18306,2,5,4,19977
12626,9,2,9,19978
15627,8,9,6,19979
17646,9,1,5,19980
16316,5,6,9,19981
10692,6,1,2,19982
17311,6,4,4,19983
17368,6,4,1,19984
10140,9,7,2,19985
10581,2,5,9,19986
19004,3,9,5,19987
12537,4,4,8,19988
13276,9,3,7,19989
16045,3,1,5,19990
10540,6,4,8,19991
14436,4,7,4,19992
16407,3,7,8,19993
12272,4,2,9,19994
18756,7,7,2,19995
10988,4,4,6,19996
17469,5,2,8,19997
10340,9,4,6,19998
15274,9,1,9,19999
13106,5,3,2,20000
18450,9,3,7,20001
